1_0.jpg 0.8949725 -0.3507508 0.2642102 0.07868386 -0.2756963 -0.3780035 -0.3804152 

1_1.jpg 0.9012803 -0.3423084 0.2523347 0.0827401 -0.2681142 -0.379065 -0.3992374 

1_2.jpg 0.9135181 -0.3351415 0.2183754 0.07400785 -0.228452 -0.3714877 -0.4165134 

1_3.jpg 0.9156219 -0.3404073 0.2019554 0.07052287 -0.2081718 -0.3643565 -0.4240545 

1_4.jpg 0.9253925 -0.3377291 0.1625567 0.05624124 -0.1686018 -0.3609646 -0.4352725 

1_5.jpg 0.9388219 -0.3322452 0.08374532 0.03483481 -0.1047007 -0.3460848 -0.4459202 

1_6.jpg 0.9452569 -0.3236369 0.03793915 0.01758424 -0.06140018 -0.3333724 -0.4373809 

1_7.jpg 0.9488539 -0.3156683 0.005105004 -0.001927614 -0.04116743 -0.3254777 -0.4325635 

1_8.jpg 0.9450555 -0.3190307 -0.05860873 -0.04067541 0.0115017 -0.3036141 -0.4189388 

1_9.jpg 0.9380193 -0.3256998 -0.1032923 -0.05805281 0.067703 -0.2943699 -0.4032092 

1_10.jpg 0.9276862 -0.313018 -0.1791649 -0.09653036 0.138183 -0.2890562 -0.3886548 

1_11.jpg 0.9158053 -0.2925029 -0.2488851 -0.117469 0.2127425 -0.2932549 -0.3697401 

1_12.jpg 0.9057926 -0.2731633 -0.2951316 -0.1334879 0.2540953 -0.2926262 -0.3408855 

1_13.jpg 0.8874039 -0.2598387 -0.3520524 -0.1451115 0.2822649 -0.2891173 -0.2875642 

1_14.jpg 0.8557038 -0.2541893 -0.4137757 -0.1787416 0.3055949 -0.2914928 -0.260017 

1_15.jpg 0.8255462 -0.2453005 -0.4723949 -0.1874681 0.3256415 -0.2922284 -0.2367111 

1_16.jpg 0.7584594 -0.2311732 -0.57841 -0.1916774 0.3659036 -0.2932407 -0.178314 

1_17.jpg 0.7043889 -0.2014071 -0.6481647 -0.2077354 0.3959888 -0.2901422 -0.1280327 

1_18.jpg 0.6470639 -0.1765755 -0.7083014 -0.2200876 0.4071482 -0.2809826 -0.09481746 

1_19.jpg 0.6015611 -0.1553442 -0.7430938 -0.2486043 0.4022125 -0.2816524 -0.03570658 

1_20.jpg 0.5741087 -0.1507477 -0.7564817 -0.2746085 0.4116541 -0.2819138 0.01981509 

1_21.jpg 0.5362011 -0.1403668 -0.7777523 -0.2964572 0.4141964 -0.2879647 0.08605367 

1_22.jpg 0.5228894 -0.13678 -0.7864087 -0.299064 0.4125784 -0.2915281 0.1063834 

1_23.jpg 0.4832255 -0.1182768 -0.8087577 -0.3137112 0.3984809 -0.3002822 0.1771675 

1_24.jpg 0.4534552 -0.110802 -0.8257205 -0.316681 0.3804223 -0.292125 0.2172496 

1_25.jpg 0.4161309 -0.1098447 -0.8432888 -0.3219213 0.3522838 -0.2821547 0.2364339 

1_26.jpg 0.3579589 -0.1015255 -0.8688891 -0.3264807 0.3113202 -0.2807307 0.2539516 

1_27.jpg 0.3055164 -0.07622728 -0.8875567 -0.3362917 0.2716731 -0.2721133 0.2825499 

1_28.jpg 0.2523826 -0.07798777 -0.9081743 -0.3247158 0.2274331 -0.2733718 0.3206026 

1_29.jpg 0.1589044 -0.04112226 -0.9339061 -0.3176126 0.1853033 -0.277575 0.3637292 

1_30.jpg 0.06334287 0.01698744 -0.9534996 -0.2941731 0.1412534 -0.2862382 0.3877192 

1_31.jpg -0.02808364 -0.04288501 0.9545758 0.2935255 0.09419697 -0.2806404 0.3848395 

1_32.jpg 0.009984256 -0.05104772 0.9505417 0.3062108 0.04962173 -0.2748411 0.3831932 

1_33.jpg 0.07731597 -0.05929241 0.9443457 0.314194 0.0150167 -0.2803428 0.3799079 

1_34.jpg 0.1483682 -0.08552549 0.9364492 0.306162 -0.04910441 -0.2803515 0.3740907 

1_35.jpg 0.2028236 -0.1299318 0.9223187 0.3021732 -0.1298853 -0.2760728 0.3707811 

1_36.jpg 0.2454618 -0.155179 0.9102626 0.2951101 -0.1778501 -0.2781977 0.368365 

1_37.jpg 0.2944307 -0.1768962 0.8940466 0.2875744 -0.198354 -0.2732763 0.3514277 

1_38.jpg 0.3217632 -0.203679 0.8762373 0.2952821 -0.2340648 -0.2676171 0.3069913 

1_39.jpg 0.3553527 -0.2164948 0.8603052 0.2944987 -0.2665314 -0.2683993 0.2676192 

1_40.jpg 0.4169717 -0.231121 0.8294752 0.2910131 -0.2922602 -0.2678863 0.2471922 

1_41.jpg 0.4951111 -0.2307664 0.7967374 0.2584987 -0.3225492 -0.2770889 0.218838 

1_42.jpg 0.5602406 -0.2654302 0.7539264 0.2174221 -0.3736672 -0.2730908 0.1677624 

1_43.jpg 0.6034515 -0.2665773 0.724974 0.1979789 -0.3941381 -0.273696 0.1296164 

1_44.jpg 0.6663312 -0.2617352 0.6727509 0.1868252 -0.383359 -0.2777782 0.1011077 

1_45.jpg 0.7025143 -0.2916101 0.6268167 0.168932 -0.3604245 -0.2769839 0.06400299 

1_46.jpg 0.735162 -0.3096915 0.5843114 0.1490243 -0.3367835 -0.2812706 0.01873606 

1_47.jpg 0.7761839 -0.3056945 0.5342322 0.1366949 -0.323506 -0.2838147 -0.02256137 

1_48.jpg 0.8095819 -0.3226766 0.4792367 0.1038708 -0.303051 -0.2825487 -0.08234292 

1_49.jpg 0.8217586 -0.3368109 0.4525584 0.08038778 -0.2749497 -0.2765235 -0.1295654 

1_50.jpg 0.8393176 -0.3486465 0.4107379 0.07270491 -0.2318254 -0.2662699 -0.164395 

1_51.jpg 0.8566509 -0.364572 0.3603647 0.05808359 -0.1960686 -0.2508461 -0.1870021 

1_52.jpg 0.872152 -0.3671784 0.320166 0.04499701 -0.1657904 -0.2468903 -0.1943188 

1_53.jpg 0.8849878 -0.373703 0.2755381 0.03494978 -0.1422482 -0.2474999 -0.1980488 

1_54.jpg 0.9017823 -0.3868837 0.1920643 0.01486603 -0.1154062 -0.2508297 -0.2288126 

1_55.jpg 0.9184325 -0.3761833 0.1220803 -0.008027316 -0.07687113 -0.2625853 -0.2545416 

1_56.jpg 0.93299 -0.3575909 0.02833532 -0.02925193 -0.04154035 -0.2675615 -0.2748141 

1_57.jpg 0.9308077 -0.3578787 -0.02855176 -0.06859095 -0.01852707 -0.2606721 -0.2802647 

1_58.jpg 0.9154818 -0.3730816 -0.1035073 -0.1094961 0.005161129 -0.2488059 -0.2879174 

1_59.jpg 0.9103283 -0.3578689 -0.1574332 -0.1358197 0.02999581 -0.2557755 -0.2934939 

1_60.jpg 0.9014015 -0.3531817 -0.2030932 -0.1465991 0.04794593 -0.2612022 -0.3029016 

1_61.jpg 0.8844233 -0.3525525 -0.265748 -0.1512624 0.09046671 -0.268156 -0.3085473 

1_62.jpg 0.873073 -0.3273355 -0.3234832 -0.1611015 0.1569646 -0.28746 -0.3036923 

1_63.jpg 0.8583921 -0.3015256 -0.3766084 -0.1743892 0.2132763 -0.3049101 -0.2849114 

1_64.jpg 0.8466588 -0.2868626 -0.4035569 -0.1949887 0.2651115 -0.3102243 -0.2691769 

1_65.jpg 0.832419 -0.2824342 -0.4257221 -0.2146399 0.2996367 -0.3010689 -0.2426723 

1_66.jpg 0.8134457 -0.276169 -0.4560477 -0.2325022 0.3284247 -0.2849332 -0.1855713 

1_67.jpg 0.7836905 -0.2688765 -0.5020867 -0.2478786 0.3483318 -0.2709963 -0.1428899 

1_68.jpg 0.7560453 -0.2595347 -0.5384121 -0.2667391 0.3658422 -0.2620136 -0.1153445 

1_69.jpg 0.721571 -0.241296 -0.5875558 -0.2754811 0.3760064 -0.2648629 -0.08221465 

1_70.jpg 0.6639146 -0.2167414 -0.6517813 -0.2956719 0.382968 -0.2645301 -0.04522747 

1_71.jpg 0.6156081 -0.1933377 -0.7021167 -0.3011301 0.3777075 -0.2683672 -0.0224492 

1_72.jpg 0.5811743 -0.1744456 -0.7315093 -0.3109652 0.3637713 -0.2607655 -0.009285212 

1_73.jpg 0.5129303 -0.1488274 -0.7810961 -0.3234839 0.3344363 -0.2591777 0.003188014 

1_74.jpg 0.4441848 -0.1310218 -0.819582 -0.3373701 0.310951 -0.2597211 0.01912659 

1_75.jpg 0.3738609 -0.1164809 -0.8592566 -0.3291479 0.2854459 -0.2679405 0.05347782 

1_76.jpg 0.3185551 -0.07340599 -0.8843283 -0.3333132 0.2518897 -0.2763516 0.1112308 

1_77.jpg 0.2707667 -0.04109696 -0.9040148 -0.3282587 0.2236348 -0.2637784 0.1708564 

1_78.jpg 0.2199388 -0.01217589 -0.917953 -0.3299106 0.1943204 -0.24149 0.208229 

1_79.jpg 0.1813528 0.004735202 -0.92441 -0.3354923 0.1615679 -0.2188678 0.22241 

1_80.jpg 0.1345322 0.01791543 -0.9247889 -0.3554513 0.1258564 -0.2112794 0.2429101 

1_81.jpg 0.1460663 0.04034397 -0.9191664 -0.3635522 0.1018289 -0.2058475 0.262031 

1_82.jpg -0.02200259 -0.04662538 0.9311733 0.3609133 0.06815383 -0.2106051 0.2890462 

1_83.jpg 0.01229046 -0.0538641 0.9354384 0.3491457 0.02190822 -0.2133087 0.2994911 

1_84.jpg 0.06869999 -0.06016681 0.9356558 0.3408936 -0.02531321 -0.2177541 0.3132308 

1_85.jpg 0.1540076 -0.06948471 0.9397764 0.2971091 -0.06531165 -0.2340756 0.3305003 

1_86.jpg 0.1637044 -0.1203964 0.9368856 0.284519 -0.08993194 -0.2272234 0.3329187 

1_87.jpg 0.1878926 -0.1283265 0.9329717 0.2789131 -0.1088195 -0.2262121 0.3234681 

1_88.jpg 0.2579005 -0.1436947 0.9094834 0.2927102 -0.1415946 -0.2374897 0.3084232 

1_89.jpg 0.2670882 -0.164374 0.9054827 0.285913 -0.162717 -0.2391431 0.296886 

1_90.jpg 0.3256963 -0.1604196 0.887453 0.2839273 -0.1828956 -0.2398006 0.2904188 

1_91.jpg 0.3976903 -0.1880044 0.8612974 0.2542905 -0.228269 -0.2542969 0.2726787 

1_92.jpg 0.4387212 -0.1964708 0.8425611 0.2429276 -0.2699549 -0.2603741 0.2482067 

1_93.jpg 0.4730041 -0.1867266 0.8289953 0.2327385 -0.3018573 -0.2671781 0.2276912 

1_94.jpg 0.5017936 -0.1995119 0.8144689 0.2122232 -0.3361697 -0.2674112 0.2027386 

1_95.jpg 0.5221519 -0.2097905 0.7993069 0.2108407 -0.3605116 -0.2620881 0.1726946 

1_96.jpg 0.5422483 -0.2271747 0.7842476 0.198278 -0.363995 -0.2513764 0.1439524 

1_97.jpg 0.5919195 -0.2506559 0.7384395 0.2037401 -0.3798504 -0.243816 0.1079395 

1_98.jpg 0.6222427 -0.2656085 0.7077376 0.2034054 -0.3965663 -0.2425139 0.0903911 

1_99.jpg 0.6653587 -0.2569927 0.6727247 0.1967083 -0.4039071 -0.2527823 0.06705815 

1_100.jpg 0.7225301 -0.2700625 0.6127527 0.171903 -0.4173761 -0.260076 0.02227312 

1_101.jpg 0.7611853 -0.2634887 0.5739285 0.1475693 -0.4192385 -0.2766502 -0.03282428 

1_102.jpg 0.7880533 -0.2530539 0.5465037 0.1275522 -0.4184384 -0.2823216 -0.09120005 

1_103.jpg 0.7862154 -0.2700945 0.5436866 0.1154096 -0.4027835 -0.2740608 -0.1436946 

1_104.jpg 0.7962382 -0.2798412 0.5251849 0.1089705 -0.3708602 -0.2599579 -0.1807304 

1_105.jpg 0.812234 -0.3017406 0.4891286 0.09990859 -0.3399777 -0.2562834 -0.2241843 

1_106.jpg 0.8316189 -0.3084778 0.4504553 0.101693 -0.3084776 -0.2578785 -0.2711167 

1_107.jpg 0.876834 -0.3010479 0.3626855 0.09482408 -0.2843202 -0.2721116 -0.3018926 

1_108.jpg 0.8947088 -0.3004746 0.3199409 0.08275912 -0.2574525 -0.2748695 -0.3298305 

1_109.jpg 0.9241366 -0.2944641 0.2357697 0.06062335 -0.2213541 -0.2794854 -0.3564486 

1_110.jpg 0.9472938 -0.2823793 0.1501563 0.0186967 -0.1957725 -0.2818275 -0.3735928 

1_111.jpg 0.9494151 -0.2966792 0.1028788 -0.002880156 -0.1653804 -0.26315 -0.3934111 

1_112.jpg 0.9577531 -0.2835602 0.0351373 -0.03268182 -0.1124583 -0.2680147 -0.4092363 

1_113.jpg 0.9612768 -0.2705376 9.904803E-05 -0.05250174 -0.0678041 -0.2857505 -0.4260405 

1_114.jpg 0.9596958 -0.2684698 -0.0386796 -0.07356528 -0.01373906 -0.3046079 -0.4498518 

1_115.jpg 0.951163 -0.2763115 -0.0974353 -0.09719771 0.03627483 -0.3090424 -0.4577285 

1_116.jpg 0.9483418 -0.2754503 -0.1166375 -0.1056911 0.06000953 -0.3070026 -0.442615 

1_117.jpg 0.9370762 -0.2974829 -0.1432568 -0.1134445 0.07252433 -0.3038927 -0.4238868 

1_118.jpg 0.9263398 -0.3109783 -0.1659607 -0.1328316 0.08245744 -0.3009078 -0.4015135 

1_119.jpg 0.9208739 -0.3143016 -0.1902743 -0.1303893 0.1020493 -0.3011903 -0.384339 

1_120.jpg 0.9061193 -0.3248004 -0.2232064 -0.1537255 0.1295681 -0.3043858 -0.3766052 

1_121.jpg 0.8908253 -0.3200088 -0.2801823 -0.159758 0.1626858 -0.309658 -0.3675948 

1_122.jpg 0.8798386 -0.3082607 -0.3222679 -0.1643253 0.1850923 -0.3196686 -0.3543766 

1_123.jpg 0.8715258 -0.2957066 -0.3541231 -0.1661238 0.2116238 -0.3308657 -0.3438234 

